27
40
41
58
80
97
108
124
125
163
189
192
218
222
268
354
491
493
540
678
691
726
756
800
840
924
945
959
975
991
1034
1044
1066
1096
1112
1156
1194
1209
1260
1284
1295
1321
1330
1361
1403
1423
1461
1498
1501
1517
1582
1667
1720
1777
1816
1845
1854
1873
1914
2005
2027
2100
2136
2179
2191
2199
2209
2279
2299
2396
2400
2449
2461
2472
2478
2623
2694
2792
2858
2869
2875
2937
2961
3017
3029
3036
3110
3133
3170
3182
3199
3200
3201
3230
3283
3289
3400
3413
3415
3449
3450
3489
3844
3847
3924
3940
3980
4007
4048
4110
4119
4134
4152
4180
4184
4190
4200
4329
4334
4388
4398
4404
4417
4423
4432
4580
4749
4774
4821
4857
4861
4917
4960
4985
5117
5219
5247
5270
5326
5375
5476
5480
5495
5546
5576
5584
5709
5743
5882
5899
5942
6061
6100
6219
6375
6398
6497
6534
6616
6655
6693
6745
6751
6753
6758
6763
6814
6869
6874
6947
6982
7097
7104
7142
7283
7402
7429
7474
7476
7506
7658
7684
7700
7711
7717
7726
7968
8026
8042
8156
8164
8238
8249
8255
8316
8341
8344
8367
8374
8470
8481
8599
8619
8733
8814
8857
8872
8886
8895
8906
8955
8968
8995
9044
9045
9068
9076
9079
9101
9111
9118
9132
9151
9166
9167
9251
9275
9278
9287
9386
9468
9480
9595
9620
9627
9639
9684
9912
9959
9969
10051
10057
10146
10160
10268
10307
10331
10347
10452
10538
10574
10575
10598
10601
10613
10648
10652
10688
10708
10760
10786
10834
10865
10891
10934
11016
11048
11121
11141
11171
11178
11278
11279
11353
11363
11403
11412
11425
11444
11457
11528
11553
11561
11678
11725
11748
11769
11836
11937
11938
11954
12025
12040
12049
12066
12070
12182
12229
12233
12338
12364
12376
12415
12475
12490
12492
12493
12498
12517
12667
12668
12686
12712
12764
12776
12806
12810
12826
12847
12849
12890
12956
13008
13027
13046
13052
13060
13064
13103
13141
13222
13269
13437
13438
13562
13617
13716
13745
13792
13882
13963
13996
14051
14057
14077
14079
14083
14093
14098
14113
14123
14125
14163
14216
14257
14263
14307
14319
14348
14351
14354
14370
14400
14434
14474
14556
14566
14587
14613
14694
14737
14744
14811
14882
14904
14952
14977
14987
15017
15022
15078
15229
15394
15426
15451
15523
15540
15546
15547
15550
15611
15626
15704
15708
15749
15798
15813
15835
15856
15979
15993
16007
16015
16044
16048
16274
16354
16436
16461
16483
16497
16518
16559
16719
16722
16799
16856
16989
17030
17037
17039
17077
17136
17143
17168
17173
17230
17244
17258
17267
17296
17310
17322
17339
17353
17366
17372
17413
17434
17470
17472
17488
17540
17543
17584
17664
17675
17736
17763
17811
17816
17818
17844
17975
17987
18000
18036
18045
18113
18220
18230
18341
18342
18345
18349
18364
18408
18437
18480
18492
18566
18596
18624
18632
18648
18649
18690
18764
18808
18999
19019
19030
19138
19168
19172
19175
19183
19255
19278
19342
19379
19393
19446
19447
19454
19525
19526
19585
19754
19846
19913
19924
20031
20055
20113
20265
20321
20356
20402
20424
20456
20536
20595
20596
20598
20642
20684
20689
20740
